

cluster1 = [7,5,6,17,11]

⑥

⑤
5,11
6,11

初期セット + a = [11]

④
6,17


seed = [7]
初期セット = [7,5,6,17]

②③
5,7
6,7
7,17

——————————————————————————————————

⑧

1,7
1,5
1,6
1,8
2,8
3,8
4,8
1,11
1,12
1,13
4,13
1,22
2,22
1,18
2,18
24,26


cluster0 = [9,10,14,15,16,19,20,21,23,24,27,28,29,30,31,32,33,34,3,1,25,26,2,4]
サイズ:24

↓以下が@matrix
⑥

1,2
1,3
2,3
1,4
2,4
3,4
25,26

7ページ


⑤

1,9
3,9
3,29
3,28
25,28
2,31
1,14
2,14
3,14
4,14
1,20
2,20
1,32
25,32
26,32
3,10
3,33

17ページ

初期セット + a = [3,1,25,26,2,4]

④
24,28
24,30
27,30
9,31
29,32
9,33
15,33
16,33
19,33
21,33
23,33
24,33
30,33
31,33
32,33

15ページ

①
seed = [34]

初期セット = [9,10,14,15,16,19,20,21,23,24,27,28,29,30,31,32,33,34]

②③
9,34
10,34
14,34
15,34
16,34
19,34
20,34
21,34
23,34
24,34
27,34
28,34
29,34
30,34
31,34
32,34
33,34

17ページ
