

2,4
5,7
6,7
2,8
4,8
5,11
6,11
4,13
2,14
4,14
6,17
7,17
2,18
2,20
2,22
25,26
25,28

cluster2 = [2,3,4,8,9,10,14,15,16,19,21,23,24,25,26,27,28,29,30,31,32,33]

④
初期セット + a = [2,4,8,10,14,25,26,27,28,29,]

25,32
26,32
29,32
24,26
24,28
3,28
2,3
3,4
3,8
3,10
3,14
3,29
27,30
2,31

③

3,9
24,30
9,31


②
初期セット = [3,9,15,16,19,21,23,24,30,31,32,33]

3,33
9,33
15,33
16,33
19,33
21,33
23,33
24,33
30,33
31,33
32,33

①
seed = [33]


——————2回目-----------------


cluster2 = ["32", "33", "30", "24", "23", "21", "19", "16", "15", "9", "3", "31", "26", "25", "29", "27", "2", "28", "10", "14", "8", "4"]

cluster0 = [1,2,3,4,9,10,14,15,16,19,20,21,23,24,25,26,27,28,29,30,31,32,33,34]
cluster1 = [1,2,3,4,5,6,7,8,9,10,11,12,13,14,17,18,20,22,25,26,28,29,31,31,33]


⑤
cluster.size = 26

25,26
25,28
31,33

④
初期セット + a = [25,26,33,17,31,33,28,29,10]

25,32
26,32
29,32
32,33
6,17
2,31
9,31
9,33
3,28
3,29
3,10
3,33

③

5,7
6,7
2,8
3,8
4,8
5,11
6,11
4,13
2,18
2,22
2,3
2,4
3,4
3,9
2,14
3,14
4,14
2,20

②
初期セット = [1,2,3,4,5,6,7,8,9,11,12,13,14,18,20,22,32]

1,8
1,12
1,13
1,18
1,22
1,2
1,3
1,4
1,14
1,9
1,20
1,32
1,11
1,5
1,6
1,7

①
seed = [1]

——————————1回目—————————————
1,5
1,6
1,7
5,7
6,7
1,8
2,8
3,8
4,8
1,11
5,11
6,11
1,12
1,13
4,13
6,17
7,17
1,18
2,18
1,22
2,22
24,26
————
1,2
1,3
2,3
1,4
2,4
3,4
25,26
————
1,9
3,9
3,28
25,28
3,29
2,31
1,14
2,14
3,14
4,14
1,20
2,20
1,32
25,32
26,32
3,10
3,33
—————
24,28
24,30
27,30
9,31
29,32
9,33
15,33
16,33
19,33
21,33
23,33
24,33
30,33
31,33
32,33


⑤
cluster.size = 24

1,2
1,3
2,3
1,4
2,4
3,4
25,26

④
初期セット + a = [3,1,25,26,2,4]

1,9
3,9
3,28
25,28
3,29
2,31
1,14
2,14
3,14
4,14
1,20
2,20
1,32
25,32
26,32
3,10
3,33

③

24,28
24,30
27,30
9,31
29,32
9,33
15,33
16,33
19,33
21,33
23,33
24,33
30,33
31,33
32,33

②
初期セット = [9,10,14,15,16,19,20,21,23,24,27,28,29,30,31,32,33,34]

9,34
10,34
14,34
15,34
16,34
19,34
20,34
21,34
23,34
24,34
27,34
28,34
29,34
30,34
31,34
32,34
33,34

①
seed = [34]
